55.818 13.123 3.750
54.317 15.196 3.750
52.812 16.059 3.751
51.303 16.723 3.751
49.798 17.282 3.752
48.297 17.773 3.752
46.791 18.220 3.753
45.278 18.633 3.753
43.773 19.016 3.754
42.265 19.376 3.754
40.756 19.718 3.755
39.240 20.045 3.755
37.728 20.356 3.756
36.209 20.657 3.756
34.691 20.946 3.757
33.181 21.224 3.757
31.663 21.495 3.758
30.141 21.758 3.758
28.620 22.013 3.759
27.104 22.261 3.759
25.595 22.502 3.760
24.074 22.739 3.760
22.567 22.968 3.761
21.057 23.193 3.717
19.554 23.411 3.535
18.038 23.624 3.200
16.530 23.826 2.828
15.020 24.016 2.465
13.517 24.192 2.123
12.009 24.354 1.805
10.499 24.502 1.515
8.984 24.633 1.230
7.477 24.746 0.952
5.971 24.840 0.678
4.463 24.910 0.410
2.960 24.953 0.152
1.456 24.958 -0.078
