56.311 0.000 0.000
54.808 0.000 0.000
53.302 0.000 0.000
51.793 0.000 0.000
50.287 0.000 0.000
48.786 0.000 0.000
47.280 0.000 0.000
45.767 0.000 0.000
44.261 0.000 0.000
42.754 0.000 0.000
41.244 0.000 0.000
39.728 0.000 0.000
38.215 0.000 0.000
36.697 0.000 0.000
35.178 0.000 0.000
33.668 0.000 0.000
32.149 0.000 0.000
30.628 0.000 0.000
29.106 0.000 0.000
27.590 0.000 0.000
26.081 0.000 0.000
24.560 0.000 0.000
23.053 0.000 0.000
21.550 0.000 0.000
20.046 0.000 0.001
18.528 0.000 0.002
17.027 0.000 0.003
15.514 0.001 0.005
13.999 0.001 0.006
12.488 0.002 0.007
10.987 0.002 0.008
9.483 0.003 0.010
7.971 0.005 0.012
6.463 0.006 0.016
4.962 0.009 0.020
3.460 0.013 0.028
1.959 0.024 0.045
0.454 0.117 0.081
