55.795 12.672 3.529
54.294 14.621 3.517
52.790 15.429 3.509
51.282 16.049 3.501
49.778 16.571 3.494
48.266 17.031 3.486
46.760 17.446 3.479
45.247 17.828 3.472
43.742 18.182 3.465
42.234 18.514 3.457
40.725 18.828 3.450
39.210 19.128 3.443
37.698 19.414 3.436
36.180 19.688 3.429
34.662 19.952 3.422
33.152 20.205 3.414
31.634 20.450 3.407
30.113 20.689 3.400
28.593 20.920 3.393
27.076 21.143 3.386
25.568 21.360 3.379
24.048 21.573 3.372
22.542 21.778 3.357
21.024 21.980 3.238
19.520 22.173 2.986
18.014 22.359 2.651
16.506 22.535 2.322
14.989 22.701 2.007
13.472 22.855 1.712
11.960 22.995 1.448
10.460 23.121 1.193
8.951 23.231 0.937
7.444 23.324 0.675
5.934 23.394 0.407
4.429 23.435 0.128
2.928 23.432 -0.130
1.425 23.130 -0.244
