56.038 9.143 2.550
54.533 10.552 2.542
53.027 11.136 2.537
51.518 11.584 2.531
50.012 11.961 2.526
48.511 12.292 2.521
47.005 12.591 2.516
45.493 12.868 2.510
43.987 13.123 2.505
42.480 13.364 2.500
40.970 13.591 2.495
39.455 13.808 2.490
37.942 14.014 2.485
36.424 14.213 2.479
34.906 14.403 2.474
33.396 14.586 2.469
31.878 14.764 2.464
30.356 14.936 2.459
28.836 15.103 2.454
27.319 15.265 2.449
25.811 15.422 2.444
24.290 15.576 2.439
22.784 15.724 2.432
21.260 15.871 2.358
19.744 16.012 2.189
18.243 16.146 1.951
16.738 16.274 1.717
15.223 16.396 1.494
13.707 16.509 1.290
12.195 16.613 1.104
10.694 16.707 0.885
9.193 16.785 0.645
7.687 16.843 0.390
6.178 16.876 0.139
4.677 16.879 -0.091
3.174 16.843 -0.258
1.672 16.759 -0.165
0.167 16.804 0.067
