56.237 4.630 1.312
54.732 5.355 1.309
53.225 5.655 1.306
51.725 5.885 1.304
50.221 6.079 1.301
48.709 6.251 1.298
47.202 6.405 1.296
45.689 6.547 1.293
44.183 6.679 1.290
42.675 6.803 1.288
41.166 6.920 1.285
39.649 7.032 1.283
38.137 7.138 1.280
36.618 7.240 1.277
35.100 7.339 1.275
33.589 7.433 1.272
32.071 7.524 1.269
30.549 7.613 1.267
29.028 7.699 1.264
27.511 7.782 1.262
26.002 7.863 1.259
24.481 7.942 1.256
22.974 8.019 1.253
21.473 8.093 1.219
19.949 8.166 1.134
18.438 8.236 1.009
16.925 8.302 0.884
15.420 8.364 0.764
13.913 8.421 0.653
12.409 8.473 0.555
10.899 8.520 0.444
9.390 8.560 0.345
7.888 8.594 0.260
6.381 8.622 0.197
4.877 8.648 0.148
3.371 8.670 0.089
1.870 8.682 -0.013
0.367 8.533 -0.142
